../../../../.git/annex/objects/9Z/38/MD5E-s1247--a790fe5616a0595da0b0031f711dbd35.tsv/MD5E-s1247--a790fe5616a0595da0b0031f711dbd35.tsv