../../../../.git/annex/objects/FW/jM/MD5E-s11163--eeb46578b9b4a22515cb2711b5670821.tsv/MD5E-s11163--eeb46578b9b4a22515cb2711b5670821.tsv