../../../../.git/annex/objects/7J/zG/MD5E-s270265--a2e7df721e1cc338f3545ae9538bff3b.tsv/MD5E-s270265--a2e7df721e1cc338f3545ae9538bff3b.tsv