../../../../.git/annex/objects/0q/0V/MD5E-s1020214--cafd34a4123df522763730dafad534e9.tsv/MD5E-s1020214--cafd34a4123df522763730dafad534e9.tsv