../../../../.git/annex/objects/KM/wF/MD5E-s20929719--04b7a949dac73424d24ffc3881ae544e.tsv/MD5E-s20929719--04b7a949dac73424d24ffc3881ae544e.tsv