../../../../.git/annex/objects/vZ/jP/MD5E-s11221--dfdf94572262eb5b355281379828a65c.tsv/MD5E-s11221--dfdf94572262eb5b355281379828a65c.tsv