../../../../.git/annex/objects/VV/q0/MD5E-s1245--693058133915005f54ccc85d74056715.tsv/MD5E-s1245--693058133915005f54ccc85d74056715.tsv