../../../../.git/annex/objects/VK/zW/MD5E-s7375--68de43973b708eccc048a59e2039b786.tsv/MD5E-s7375--68de43973b708eccc048a59e2039b786.tsv