../../../../.git/annex/objects/Vf/xV/MD5E-s342248--52651c561f0c22b25888d6e280222ab4.tsv/MD5E-s342248--52651c561f0c22b25888d6e280222ab4.tsv