../../../../.git/annex/objects/F0/vQ/MD5E-s340976--c7b237a70614c16d5270e10284ccf273.tsv/MD5E-s340976--c7b237a70614c16d5270e10284ccf273.tsv