../../../../.git/annex/objects/qJ/Vj/MD5E-s7343--c1101b2edb3ccaa3873d0b24f70a68f4.tsv/MD5E-s7343--c1101b2edb3ccaa3873d0b24f70a68f4.tsv