../../../../.git/annex/objects/xf/69/MD5E-s11215--8e0a08901715f91b3e01ae698cef9c62.tsv/MD5E-s11215--8e0a08901715f91b3e01ae698cef9c62.tsv