../../../../.git/annex/objects/3Z/jV/MD5E-s2295488--27e8b51231e3c1f4357c95c3499d80be.tsv/MD5E-s2295488--27e8b51231e3c1f4357c95c3499d80be.tsv