../../../../.git/annex/objects/vW/Wv/MD5E-s1018250--c34842918bb70f9b6ed5179b4b43e93f.tsv/MD5E-s1018250--c34842918bb70f9b6ed5179b4b43e93f.tsv