../../../../.git/annex/objects/q1/fW/MD5E-s58738--b72fdd3843febbf67265797e089ce466.tsv/MD5E-s58738--b72fdd3843febbf67265797e089ce466.tsv