../../../../.git/annex/objects/1W/ZF/MD5E-s42775--9ea7673a9effb4db63854dfe9e4e44bf.tsv/MD5E-s42775--9ea7673a9effb4db63854dfe9e4e44bf.tsv