../../../../.git/annex/objects/8M/58/MD5E-s11165--5244071a47c4458f6d48b9ccf7550278.tsv/MD5E-s11165--5244071a47c4458f6d48b9ccf7550278.tsv