../../../../.git/annex/objects/gP/fF/MD5E-s11185--37440e4c75a63ad96905033c54d8613c.tsv/MD5E-s11185--37440e4c75a63ad96905033c54d8613c.tsv