../../../../.git/annex/objects/jp/2Q/MD5E-s270265--59317f9557da7900fca256f5146fe5d6.tsv/MD5E-s270265--59317f9557da7900fca256f5146fe5d6.tsv