../../../../.git/annex/objects/VV/F6/MD5E-s825360--49f04c50b63b03e253fa9ce15a2c7213.tsv/MD5E-s825360--49f04c50b63b03e253fa9ce15a2c7213.tsv