../../../../.git/annex/objects/zQ/G7/MD5E-s7375--41b287ca755d4cd0de7dfa4fc714b335.tsv/MD5E-s7375--41b287ca755d4cd0de7dfa4fc714b335.tsv