../../../../.git/annex/objects/P7/GJ/MD5E-s1249--7632e12e95548f37a65c74414b633839.tsv/MD5E-s1249--7632e12e95548f37a65c74414b633839.tsv