../../../../.git/annex/objects/5f/08/MD5E-s4073146--a93c804507da6fd71f78701788e50454.tsv/MD5E-s4073146--a93c804507da6fd71f78701788e50454.tsv