../../../../.git/annex/objects/19/Vv/MD5E-s3918488--a0e6a1f78f42b32179048c5eef87dfab.tsv/MD5E-s3918488--a0e6a1f78f42b32179048c5eef87dfab.tsv