../../../../.git/annex/objects/Jq/v3/MD5E-s824770--c8d48ef7580394ebdcf8a713bd42e181.tsv/MD5E-s824770--c8d48ef7580394ebdcf8a713bd42e181.tsv