../../../../.git/annex/objects/97/pP/MD5E-s3911624--9ff1f7ea4de7f4a4f965ae1cd2fc26b9.tsv/MD5E-s3911624--9ff1f7ea4de7f4a4f965ae1cd2fc26b9.tsv