../../../../.git/annex/objects/v8/2J/MD5E-s1016612--c5ad26191d5fa7f5e0d8736a40eace4f.tsv/MD5E-s1016612--c5ad26191d5fa7f5e0d8736a40eace4f.tsv