../../../../.git/annex/objects/9Q/Mj/MD5E-s1017732--dfe442eb379020e20395c5afddcd2cda.tsv/MD5E-s1017732--dfe442eb379020e20395c5afddcd2cda.tsv