../../../../.git/annex/objects/m1/jW/MD5E-s270039--9a800acf7bec5a55b3930e3b2670379b.tsv/MD5E-s270039--9a800acf7bec5a55b3930e3b2670379b.tsv