../../../../.git/annex/objects/5M/jP/MD5E-s42803--eb0404bab3955c7f492d9f9503185eab.tsv/MD5E-s42803--eb0404bab3955c7f492d9f9503185eab.tsv