../../../../.git/annex/objects/kW/ZV/MD5E-s7385--58cf593ca2de955fc49ee03c5988c618.tsv/MD5E-s7385--58cf593ca2de955fc49ee03c5988c618.tsv