../../../../.git/annex/objects/q6/Qm/MD5E-s627--37f54d803501b4bab3476a3ab640fa30.tsv/MD5E-s627--37f54d803501b4bab3476a3ab640fa30.tsv