../../../../.git/annex/objects/qq/mP/MD5E-s20965950--5d279446d32739ef333461784960f03b.tsv/MD5E-s20965950--5d279446d32739ef333461784960f03b.tsv