../../../../.git/annex/objects/Zk/q4/MD5E-s58726--554fd134a1e78d0cd62505a84d82df75.tsv/MD5E-s58726--554fd134a1e78d0cd62505a84d82df75.tsv