../../../../.git/annex/objects/Q5/KM/MD5E-s42895--228381cd09f973e3b988752342add9a2.tsv/MD5E-s42895--228381cd09f973e3b988752342add9a2.tsv