../../../../.git/annex/objects/KW/gj/MD5E-s7233--4e3d9fb2abc08cabe14d6866a5bfbe3b.tsv/MD5E-s7233--4e3d9fb2abc08cabe14d6866a5bfbe3b.tsv