../../../../.git/annex/objects/2P/Q7/MD5E-s58628--e9726fd95a729bf052bd3548b872da9c.tsv/MD5E-s58628--e9726fd95a729bf052bd3548b872da9c.tsv