../../../../.git/annex/objects/vv/JX/MD5E-s25485932--b0bddc696cf602a63da6a2f69417efe8.tsv/MD5E-s25485932--b0bddc696cf602a63da6a2f69417efe8.tsv