../../../../.git/annex/objects/Qg/gV/MD5E-s2281632--e0afe64ef529c3abfbf1db14412715a1.tsv/MD5E-s2281632--e0afe64ef529c3abfbf1db14412715a1.tsv