../../../../.git/annex/objects/1J/JZ/MD5E-s7369--0442ee9dafda5e7f9fac4058c76bf0ac.tsv/MD5E-s7369--0442ee9dafda5e7f9fac4058c76bf0ac.tsv