../../../../.git/annex/objects/fz/mj/MD5E-s11169--f48ec9c22a3d5d404bed6b2c31391eb6.tsv/MD5E-s11169--f48ec9c22a3d5d404bed6b2c31391eb6.tsv