../../../../.git/annex/objects/kv/6W/MD5E-s7327--0d701188b3b5de09b48c5f58a11c8891.tsv/MD5E-s7327--0d701188b3b5de09b48c5f58a11c8891.tsv