../../../../.git/annex/objects/2g/mW/MD5E-s7351--d4e5b46de13e3ee65f41cb26ec6b899a.tsv/MD5E-s7351--d4e5b46de13e3ee65f41cb26ec6b899a.tsv