../../../../.git/annex/objects/Q4/fW/MD5E-s25457424--6457c07e2ae0356260dbb1b3fee08f46.tsv/MD5E-s25457424--6457c07e2ae0356260dbb1b3fee08f46.tsv