../../../../.git/annex/objects/7m/jP/MD5E-s7369--34740f69e99e0551b16fde563c066a68.tsv/MD5E-s7369--34740f69e99e0551b16fde563c066a68.tsv