../../../../.git/annex/objects/56/gW/MD5E-s25363348--64d51f8d23a150e73e0dc8b9a4e950e6.tsv/MD5E-s25363348--64d51f8d23a150e73e0dc8b9a4e950e6.tsv