../../../../.git/annex/objects/6x/p1/MD5E-s826450--76133d61e09bccfa1e34f968c0a9c5ba.tsv/MD5E-s826450--76133d61e09bccfa1e34f968c0a9c5ba.tsv