../../../../.git/annex/objects/63/qJ/MD5E-s270105--9452db740daf399642bf405a5b269ec1.tsv/MD5E-s270105--9452db740daf399642bf405a5b269ec1.tsv