../../../../.git/annex/objects/PK/9p/MD5E-s7345--2eada7aa8ae7ad424ca5a9d963d88962.tsv/MD5E-s7345--2eada7aa8ae7ad424ca5a9d963d88962.tsv