../../../../.git/annex/objects/36/gw/MD5E-s341762--ff080d898dabf48a0d013dba06ac49cb.tsv/MD5E-s341762--ff080d898dabf48a0d013dba06ac49cb.tsv