../../../../.git/annex/objects/jZ/4z/MD5E-s1018510--88224bf53c2d818bccf612d746ec5fc1.tsv/MD5E-s1018510--88224bf53c2d818bccf612d746ec5fc1.tsv