../../../../.git/annex/objects/j9/J2/MD5E-s20900949--d1f7c182d7c1f28652619074f2447a9d.tsv/MD5E-s20900949--d1f7c182d7c1f28652619074f2447a9d.tsv