../../../../.git/annex/objects/FV/0Z/MD5E-s25427390--52c8d39129413788c215a4a13c021925.tsv/MD5E-s25427390--52c8d39129413788c215a4a13c021925.tsv