../../../../.git/annex/objects/QQ/qm/MD5E-s1253--b6904e8811a993c5e19ecb46a11f23cd.tsv/MD5E-s1253--b6904e8811a993c5e19ecb46a11f23cd.tsv