../../../../.git/annex/objects/xx/Vm/MD5E-s636--436cbb8d702f429fd24a84a75d89b823.tsv/MD5E-s636--436cbb8d702f429fd24a84a75d89b823.tsv