../../../../.git/annex/objects/2V/vz/MD5E-s20993757--b9a76c19f531a591ae22d7ab4ab85b58.tsv/MD5E-s20993757--b9a76c19f531a591ae22d7ab4ab85b58.tsv