../../../../.git/annex/objects/2Q/13/MD5E-s342548--83f94059fa445aa6bdfcfe9d9450d6cb.tsv/MD5E-s342548--83f94059fa445aa6bdfcfe9d9450d6cb.tsv