../../../../.git/annex/objects/VM/Kp/MD5E-s58332--f0179606282ae9bbfb4ab34a325d3172.tsv/MD5E-s58332--f0179606282ae9bbfb4ab34a325d3172.tsv