../../../../.git/annex/objects/WF/Mz/MD5E-s3910894--7ad075540a23e30452bf18473684d32f.tsv/MD5E-s3910894--7ad075540a23e30452bf18473684d32f.tsv