../../../../.git/annex/objects/vm/Px/MD5E-s42755--ade1dfed7866ad95423ff753f4ded0d8.tsv/MD5E-s42755--ade1dfed7866ad95423ff753f4ded0d8.tsv