../../../../.git/annex/objects/v7/WQ/MD5E-s4073590--4cd1342c89d527cd7d87f063cd2cb53a.tsv/MD5E-s4073590--4cd1342c89d527cd7d87f063cd2cb53a.tsv