../../../../.git/annex/objects/VG/g4/MD5E-s270063--3c529e2016d55d6dd8032a2723e32190.tsv/MD5E-s270063--3c529e2016d55d6dd8032a2723e32190.tsv