../../../../.git/annex/objects/M8/4K/MD5E-s1018172--773448a7b014568d5f10c0365918227a.tsv/MD5E-s1018172--773448a7b014568d5f10c0365918227a.tsv