../../../../.git/annex/objects/2z/vj/MD5E-s3918630--805b9399f4a216b93da39f1b3ccdd6a5.tsv/MD5E-s3918630--805b9399f4a216b93da39f1b3ccdd6a5.tsv