../../../../.git/annex/objects/7V/QJ/MD5E-s342106--29cfe76efbcb153440831976f592024b.tsv/MD5E-s342106--29cfe76efbcb153440831976f592024b.tsv