../../../../.git/annex/objects/P9/gv/MD5E-s3908592--3cb24e4fdfaa424efe66e2dcd331b1ec.tsv/MD5E-s3908592--3cb24e4fdfaa424efe66e2dcd331b1ec.tsv