../../../../.git/annex/objects/Mm/9V/MD5E-s11189--65491b9712ca6abfda94334a5f5241b7.tsv/MD5E-s11189--65491b9712ca6abfda94334a5f5241b7.tsv