../../../../.git/annex/objects/9W/GJ/MD5E-s42703--7b5adc87d61f246daa7ac19d85576204.tsv/MD5E-s42703--7b5adc87d61f246daa7ac19d85576204.tsv