../../../../.git/annex/objects/3J/Wk/MD5E-s25467828--614b8ac6627390c45ab4cdaf770348b3.tsv/MD5E-s25467828--614b8ac6627390c45ab4cdaf770348b3.tsv