../../../../.git/annex/objects/wM/4Q/MD5E-s1014684--53b8c628aee403dbe37c10d33d2977e2.tsv/MD5E-s1014684--53b8c628aee403dbe37c10d33d2977e2.tsv