../../../../.git/annex/objects/78/Jp/MD5E-s25385588--1aafb074299e9a67e3a3c68d0639b68a.tsv/MD5E-s25385588--1aafb074299e9a67e3a3c68d0639b68a.tsv