../../../../.git/annex/objects/VG/WP/MD5E-s58158--8dbd8c270b018b69e96c6182c54e3e7f.tsv/MD5E-s58158--8dbd8c270b018b69e96c6182c54e3e7f.tsv