../../../../.git/annex/objects/p8/GV/MD5E-s11221--9cd85667580b0a577f5d034dadd0ab98.tsv/MD5E-s11221--9cd85667580b0a577f5d034dadd0ab98.tsv