../../../../.git/annex/objects/7j/q9/MD5E-s4072608--ae9c17e111661e87ee3b2419aa7d8ca2.tsv/MD5E-s4072608--ae9c17e111661e87ee3b2419aa7d8ca2.tsv