../../../../.git/annex/objects/MJ/kv/MD5E-s339664--bac03f8dadacd5ee037b995bdaf98a75.tsv/MD5E-s339664--bac03f8dadacd5ee037b995bdaf98a75.tsv