../../../../.git/annex/objects/qm/w6/MD5E-s7261--48ea94264041048e2bd3c5b81a545e8b.tsv/MD5E-s7261--48ea94264041048e2bd3c5b81a545e8b.tsv