../../../../.git/annex/objects/xX/Wf/MD5E-s4080574--b0978b78e84451af2290eec0d826b486.tsv/MD5E-s4080574--b0978b78e84451af2290eec0d826b486.tsv