../../../../.git/annex/objects/wg/q8/MD5E-s20874647--1b01e838c194dd05a73d76d3c101c918.tsv/MD5E-s20874647--1b01e838c194dd05a73d76d3c101c918.tsv