../../../../.git/annex/objects/2G/88/MD5E-s7379--2a037d3ce026d73fa9bdc2acbaceb71d.tsv/MD5E-s7379--2a037d3ce026d73fa9bdc2acbaceb71d.tsv