../../../../.git/annex/objects/13/vm/MD5E-s1247--d518a694a73ade4289258ef48fe8c190.tsv/MD5E-s1247--d518a694a73ade4289258ef48fe8c190.tsv