../../../../.git/annex/objects/3v/kq/MD5E-s268015--61ab9754e31ef736e0db3fc766c0c090.tsv/MD5E-s268015--61ab9754e31ef736e0db3fc766c0c090.tsv