../../../../.git/annex/objects/xx/7J/MD5E-s1257--a9acce6311bfc2e4baaa848451125cae.tsv/MD5E-s1257--a9acce6311bfc2e4baaa848451125cae.tsv