../../../../.git/annex/objects/Vg/zM/MD5E-s25497570--c9cfc1f38c80fa1dbb7a76137614cefb.tsv/MD5E-s25497570--c9cfc1f38c80fa1dbb7a76137614cefb.tsv