../../../../.git/annex/objects/Qx/xp/MD5E-s824734--a0c58ade7c1f15fc762074fff7386446.tsv/MD5E-s824734--a0c58ade7c1f15fc762074fff7386446.tsv