../../../../.git/annex/objects/MJ/xf/MD5E-s628--816511645aa1e39e68f100a778c457fc.tsv/MD5E-s628--816511645aa1e39e68f100a778c457fc.tsv