../../../../.git/annex/objects/Jp/gJ/MD5E-s20887971--1d9d37eaffe6c9c0f1a6188ca413d9f3.tsv/MD5E-s20887971--1d9d37eaffe6c9c0f1a6188ca413d9f3.tsv