../../../../.git/annex/objects/30/JQ/MD5E-s268487--5c907a53577f5b9156b1574b876fb88f.tsv/MD5E-s268487--5c907a53577f5b9156b1574b876fb88f.tsv