../../../../.git/annex/objects/W4/MP/MD5E-s7377--8c5b8de34996360b3a9837ff87b99352.tsv/MD5E-s7377--8c5b8de34996360b3a9837ff87b99352.tsv