../../../../.git/annex/objects/Q4/PK/MD5E-s58154--affdb7c197b2b4285347d711afc7d083.tsv/MD5E-s58154--affdb7c197b2b4285347d711afc7d083.tsv