../../../../.git/annex/objects/wK/k9/MD5E-s1251--b574a9fb1f6b489a5113f1eadf569013.tsv/MD5E-s1251--b574a9fb1f6b489a5113f1eadf569013.tsv