../../../../.git/annex/objects/VZ/f1/MD5E-s2294126--d1537547917ff761fd93aa9fee64443f.tsv/MD5E-s2294126--d1537547917ff761fd93aa9fee64443f.tsv