../../../../.git/annex/objects/qq/w5/MD5E-s270253--1faba520271721379e8b8fbb1970c667.tsv/MD5E-s270253--1faba520271721379e8b8fbb1970c667.tsv