../../../../.git/annex/objects/78/8V/MD5E-s58618--0a962f2def39ea49aea9f8a847a4be31.tsv/MD5E-s58618--0a962f2def39ea49aea9f8a847a4be31.tsv