../../../../.git/annex/objects/V7/X9/MD5E-s1018576--1a586d0f43d67eb35c0334d164e935fe.tsv/MD5E-s1018576--1a586d0f43d67eb35c0334d164e935fe.tsv