../../../../.git/annex/objects/29/pz/MD5E-s633--e94411fe15d10bd9725e73ec17b80085.tsv/MD5E-s633--e94411fe15d10bd9725e73ec17b80085.tsv