../../../../.git/annex/objects/jp/2F/MD5E-s7267--771afc41c6a7eedf5d121fef697e9e47.tsv/MD5E-s7267--771afc41c6a7eedf5d121fef697e9e47.tsv