../../../../.git/annex/objects/3p/Qj/MD5E-s1020442--f7fc4e7ea458f622e16239214dbc32e1.tsv/MD5E-s1020442--f7fc4e7ea458f622e16239214dbc32e1.tsv