../../../../.git/annex/objects/qZ/2Q/MD5E-s4079716--eba8d7a817bbaf9073139ef01805923e.tsv/MD5E-s4079716--eba8d7a817bbaf9073139ef01805923e.tsv