../../../../.git/annex/objects/7x/23/MD5E-s2256878--21419f82e02ae89237a34100e03964ea.tsv/MD5E-s2256878--21419f82e02ae89237a34100e03964ea.tsv