../../../../.git/annex/objects/Pz/Jq/MD5E-s2291232--a2dcf2366c6b2b46ff4b5a4856723cd4.tsv/MD5E-s2291232--a2dcf2366c6b2b46ff4b5a4856723cd4.tsv