../../../../.git/annex/objects/PF/9p/MD5E-s1017934--1c357a507a0411150a3acdea237f9765.tsv/MD5E-s1017934--1c357a507a0411150a3acdea237f9765.tsv