../../../../.git/annex/objects/Jm/f5/MD5E-s1241--63cad88a6f8b956aad36eba01ca13009.tsv/MD5E-s1241--63cad88a6f8b956aad36eba01ca13009.tsv