../../../../.git/annex/objects/jm/mM/MD5E-s824780--55e3274850d19118a3136e29d158e3e2.tsv/MD5E-s824780--55e3274850d19118a3136e29d158e3e2.tsv