../../../../.git/annex/objects/WW/Kj/MD5E-s1017536--8dcdd1363883fec19cc94131d5fb1d25.tsv/MD5E-s1017536--8dcdd1363883fec19cc94131d5fb1d25.tsv