../../../../.git/annex/objects/Jx/jJ/MD5E-s20914979--882b2b1ce870babd517c37b40afa956d.tsv/MD5E-s20914979--882b2b1ce870babd517c37b40afa956d.tsv