../../../../.git/annex/objects/2K/vV/MD5E-s7371--f037f8d2812fcc26bb3879146a6c202e.tsv/MD5E-s7371--f037f8d2812fcc26bb3879146a6c202e.tsv