../../../../.git/annex/objects/M9/q5/MD5E-s4073170--c5b0d1d65f69631b0d07a83dbf000e43.tsv/MD5E-s4073170--c5b0d1d65f69631b0d07a83dbf000e43.tsv