../../../../.git/annex/objects/wK/PJ/MD5E-s11185--ca80f92f18de76660f9537c699cd13d4.tsv/MD5E-s11185--ca80f92f18de76660f9537c699cd13d4.tsv