../../../../.git/annex/objects/Wg/86/MD5E-s1017424--b88aee9e0edb306e7aee0f1d694e760e.tsv/MD5E-s1017424--b88aee9e0edb306e7aee0f1d694e760e.tsv