../../../../.git/annex/objects/zQ/m7/MD5E-s1019418--ded30dc40ac43d2187fd83a088111abd.tsv/MD5E-s1019418--ded30dc40ac43d2187fd83a088111abd.tsv