../../../../.git/annex/objects/mp/wX/MD5E-s824658--5bbd016432c2b8260fc7ce266a6c049b.tsv/MD5E-s824658--5bbd016432c2b8260fc7ce266a6c049b.tsv