../../../../.git/annex/objects/fM/v3/MD5E-s7349--4fab9dd7fcc08e4fba8ec3c492bbea2d.tsv/MD5E-s7349--4fab9dd7fcc08e4fba8ec3c492bbea2d.tsv