../../../../.git/annex/objects/wM/1Z/MD5E-s21005542--e09aaded537d96018868976f5fc0176c.tsv/MD5E-s21005542--e09aaded537d96018868976f5fc0176c.tsv