../../../../.git/annex/objects/3w/FV/MD5E-s1018814--77493d578552aaf49345b463fb027e1e.tsv/MD5E-s1018814--77493d578552aaf49345b463fb027e1e.tsv