../../../../.git/annex/objects/Gp/zg/MD5E-s7353--ca4acf1b9f7b7b264334c37dcb308b88.tsv/MD5E-s7353--ca4acf1b9f7b7b264334c37dcb308b88.tsv