../../../../.git/annex/objects/pV/0X/MD5E-s270083--f8b8f5cb548f0ca07cf965b2164eb252.tsv/MD5E-s270083--f8b8f5cb548f0ca07cf965b2164eb252.tsv