../../../../.git/annex/objects/jV/qJ/MD5E-s1245--4a81a3db0cfe0b521441a89f3b2dad56.tsv/MD5E-s1245--4a81a3db0cfe0b521441a89f3b2dad56.tsv