../../../../.git/annex/objects/Pm/M5/MD5E-s636--788a54064dfca6adf9ba414bef18e730.tsv/MD5E-s636--788a54064dfca6adf9ba414bef18e730.tsv