../../../../.git/annex/objects/v5/wQ/MD5E-s7249--990791da1a4e8b73bf1af0247c4f6cbd.tsv/MD5E-s7249--990791da1a4e8b73bf1af0247c4f6cbd.tsv