../../../../.git/annex/objects/13/fZ/MD5E-s2287562--acf1649ef0e135283672ccc110890b63.tsv/MD5E-s2287562--acf1649ef0e135283672ccc110890b63.tsv