../../../../.git/annex/objects/p9/gm/MD5E-s3910512--ab64ae5b61f491644483e3031fff689f.tsv/MD5E-s3910512--ab64ae5b61f491644483e3031fff689f.tsv