../../../../.git/annex/objects/W0/3W/MD5E-s11165--3d07c9cf39253c51f53a99d693dd5829.tsv/MD5E-s11165--3d07c9cf39253c51f53a99d693dd5829.tsv