../../../../.git/annex/objects/f8/qM/MD5E-s342508--844bf381ae94076765ae4b0e743dbde7.tsv/MD5E-s342508--844bf381ae94076765ae4b0e743dbde7.tsv