../../../../.git/annex/objects/m9/gv/MD5E-s1016016--d66b3f29047ac352d7b963771aad6b63.tsv/MD5E-s1016016--d66b3f29047ac352d7b963771aad6b63.tsv