../../../../.git/annex/objects/Q5/vP/MD5E-s270143--1f6502593640f96bd5418501674517a3.tsv/MD5E-s270143--1f6502593640f96bd5418501674517a3.tsv